000000000000000000000000000000000X
0000000000000000000000000000000000
0000000000000000000000000000000000
0X0XX000XXX00000000000000000000000
0000000000000000000000000000000000
0000XXXX00000000000000000000000000
0000000000000000000000000000000000
00XXX00000000000000000000000000000
0000000000000000000000000000000000
0000000000000000000000000000000000
0000000000000000000000000000000000
0000000000000000000000000000000000
0000000000000000000000000000000000
0000000000000000000000000000000000
0000000000000000000000000000000000
0000000000000000000000000000000000
0000000000000000000000000000000000
0000000000000000000000000000000000
0000XX0000000000000000000000000000
0000000000000000000000000000000000
0000000000000000000000000000000000
0000000000000000000000000000000000
0000000000000000000000000000000000
0000000000000000000000000000000000
0000000000000000000000000000000000
0000000000000000000000000000000000
0000000000000000000000000000000000
0000000000000000000000000000000000
0000000000000000000000000000000000
0000000000000000000000000000000000
0000000000000000000000000000000000
YYYYYYYYYYYYYYYYYYYYYYYYYYYYYYYYYY
0000000000000000000000000000000000
0000000000000000000000000000000000
0000000000000000000000000000000000
0000000000000000000000000000000000
0000000000000000000000000000000000
0000000000000000000000000000000000
